-995.361 1332.45 0
-794.285 464.996 0
-873.416 939.593 0
-1111.79 706.907 0
-799.96 965.702 0
-1109.96 705.327 0
-880.274 954.588 0
-995.341 578.269 0
-273.614 534.593 0
-1320.69 202.6 0
-804.252 868.154 0
-855.321 1790.35 0
-890.962 948.973 0
-1156.55 280.295 0
-702.266 1221.95 0
-1589.18 767.447 0
-1561.22 1158.58 0
-689.388 296.272 0
-555.013 286.891 0
-539.668 519.517 0
-953.914 1165.3 0
-1152.58 899.999 0
-60.9637 1313.48 0
-877.083 945.312 0
-105.103 1422.74 0
-390.49 479.077 0
-140.883 657.548 0
-569.969 1057.5 0
-325.946 522.258 0
-644.152 1382.77 0
-927.538 1488.56 0
-1168.06 727.492 0
-889.932 994.947 0
-443.076 311.602 0
-1538.44 858.129 0
-859.662 948.815 0
-928.493 795.095 0
-700.32 1008.48 0
-1014.94 897.283 0
-874.193 1205.75 0
-1364.94 1644.2 0
-842.856 1080.67 0
-668.259 1508.31 0
-685.734 657.066 0
-1705.72 579.776 0
-1067.33 1137.31 0
-943.367 60.2645 0
-714.341 1829.17 0
-1661.58 729.833 0
-958.016 957.695 0
-1040.74 1592.38 0
-585.024 836.003 0
-615.604 1429.99 0
-1067.16 941.389 0
-190.374 1006.86 0
-1032.22 62.2535 0
-1017.06 294.211 0
-1363.43 1042.72 0
-850.75 1044.58 0
-885.017 955.512 0
-1086.14 1285.81 0
-1234.72 1626.18 0
-1292.54 1574.06 0
-833.44 881.219 0
-1616.03 737.923 0
-994.323 90.6962 0
-830.215 872.931 0
-1616.92 1313.95 0
-1002.49 997.438 0
-1269.51 447.453 0
-765.743 748.569 0
-531.96 651.169 0
-547.005 819.03 0
-565.685 704.96 0
-779.083 735.301 0
-1668.58 584.4 0
-784.665 323.491 0
-937.411 937.453 0
-141.866 1330.3 0
-431.408 198.278 0
-1162.29 1101.96 0
-82.8648 1334.26 0
-392.163 1128.62 0
-847.608 1615.8 0
-546.054 761.242 0
-909.795 825.629 0
-1344.97 632.121 0
-1411.05 370.733 0
-1595.56 983.282 0
-776.077 1344.58 0
-408.595 1001.23 0
-416.663 1087.21 0
-720.827 1120.24 0
-808.575 919.519 0
-672.998 1196.16 0
-1197.84 717.607 0
-135.804 983.413 0
-1664.65 1063.22 0
-695.972 1093.7 0
-575.138 1258.91 0
-2758.83 14.6376 1
-2797.78 834.079 1
-2540.86 859.267 1
-2425.02 84.4898 1
-3292.93 475.019 1
-2935.41 469.405 1
-2125.75 990.488 1
-3211.94 441.03 1
-3090.71 933.646 1
-2610.78 716.847 1
-2054.23 596.359 1
-2740.7 737.35 1
-2456.47 411.095 1
-3018.11 1091.97 1
-3016.14 1221.7 1
-2585.32 347.417 1
-2733.36 65.6942 1
-2316.2 265.056 1
-3365.37 858.029 1
-2658.96 1269.65 1
-2640.88 731.156 1
-2615.73 449.743 1
-2742.92 745.743 1
-2601.38 613.641 1
-3123.88 1337.03 1
-2985.22 485.209 1
-2670.45 729.675 1
-2680.45 662.312 1
-2574.25 1084.48 1
-2748.82 622.095 1
-3059.97 1354.4 1
-2248.61 381.67 1
-3103.35 714.73 1
-2639.2 267.897 1
-2340.96 360.343 1
-2714.92 366.458 1
-2838.59 616.676 1
-2560.01 512.509 1
-2569.81 489.712 1
-2816.48 710.187 1
-2911.49 1080.03 1
-2267.62 1228.95 1
-2826.73 257.358 1
-2756.12 530.364 1
-1993.26 1059.71 1
-2973.45 143.014 1
-2632.69 681.808 1
-2195.92 1023.87 1
-2752.46 886.634 1
-2478.21 1457.89 1
-2659.57 679.032 1
-1999.09 835.298 1
-3409.57 623.014 1
-2985.31 1096.53 1
-2403.17 902.704 1
-2500 1310.22 1
-3102.37 575.164 1
-3229.56 889.328 1
-2807.39 676.168 1
-2747.48 687.518 1
-2290.67 1242.01 1
-2827.78 1370.64 1
-2606.32 713.883 1
-1975.38 679.126 1
-2404.68 1537.82 1
-2671.69 707.989 1
-2464.94 666.781 1
-2620 656.722 1
-2401.51 544.578 1
-3187.13 907.092 1
-3225.47 1133.08 1
-3014.8 676.995 1
-2188.56 7.35484 1
-2642.3 674.6 1
-1865.23 1016.44 1
-3246.35 354.853 1
-2169.52 87.1659 1
-2520.17 114.516 1
-2636.8 687.608 1
-2660.32 746.41 1
-2193.78 182.636 1
-2982.53 719.771 1
-2686.23 1194.51 1
-2426.82 608.977 1
-2774.23 698.339 1
-2717.77 678.634 1
-2347.62 868.931 1
-2245.65 784.472 1
-2403.1 24.4468 1
-2011.49 1194.48 1
-2727.9 163.162 1
-2574.29 680.029 1
-2781.76 895.088 1
-2445.06 650.985 1
-2188.5 804.284 1
-2393.57 1477.04 1
-2618.68 180.308 1
-2317.89 479.528 1
-2420.89 131.013 1
-2616.82 683.191 1
253.836 -187.23 2
459.725 -359.107 2
-235.523 -394.56 2
5.83241 869.021 2
-4.89687 -896.037 2
-417.153 98.3737 2
-49.3333 95.709 2
39.2406 -529.879 2
-315.894 95.4152 2
241.058 28.6422 2
466.054 269.692 2
-641.251 -272.456 2
154.363 66.5492 2
159.449 -29.6009 2
24.5345 -1.73062 2
-558.201 299.443 2
32.9311 182.701 2
-10.7233 -212.048 2
655.004 -146.86 2
-92.4204 -276.279 2
-30.3192 -76.1727 2
-495.939 -734.701 2
173.222 -722.903 2
105.013 224.581 2
161.074 -820.015 2
-204.004 -584.402 2
416.399 -164.885 2
56.9581 -385.241 2
-118.405 -153.62 2
162.826 221.039 2
-6.21445 9.21964 2
76.4371 41.5721 2
-650.213 253.656 2
665.867 530.176 2
167.61 -35.8959 2
439.486 -653.769 2
-562.39 572.153 2
543.387 -639.145 2
-138.498 465.862 2
-184.198 881.733 2
-272.034 -250.709 2
303.285 510.41 2
-15.6315 -51.2984 2
-79.1287 451.39 2
232.213 193.561 2
-540.544 650.447 2
-323.973 -565.658 2
-796.379 240.378 2
205.294 880.175 2
-706.043 496.411 2
246.478 -218.566 2
297.687 300.886 2
-64.849 819.139 2
-64.608 -867.902 2
9.30409 453.405 2
91.6049 93.3024 2
239.756 -26.1821 2
399.563 189.15 2
-146.962 -427.573 2
-190.131 -1.61332 2
10.6533 -53.9613 2
231.662 -8.09922 2
477.481 -116.619 2
301.165 179.714 2
593.421 -348.963 2
-593.964 -37.0923 2
73.122 105.575 2
598.866 -184.338 2
-563.432 -133.383 2
-658.505 433.788 2
-6.78678 297.371 2
-61.5423 -780.224 2
-583.785 -473.202 2
-572.938 -107.955 2
-345.732 73.2462 2
207.439 -336.857 2
-252.548 -724.803 2
515.803 -330.569 2
-275.457 86.2077 2
-408.748 34.549 2
-487.819 -596.83 2
99.8599 -528.72 2
-685.49 340.581 2
-200.045 -639.735 2
351.292 241.99 2
-529.926 128.621 2
25.5408 34.9238 2
602.457 502.962 2
262.891 -86.1379 2
459.521 472.547 2
101.713 -673.654 2
-384.484 -522.887 2
-678.307 -605.456 2
-574.739 262.293 2
-224.648 -121.595 2
408.953 466.782 2
249.143 826.992 2
398.788 78.5118 2
-116.599 -59.8535 2
-80.1407 -422.98 2
-3224.85 -632.122 3
-2518.06 -485.85 3
-2639.02 -446.973 3
-2606.55 -14.9138 3
-2423.39 171.121 3
-2375.51 -637.265 3
-3340.29 -891.302 3
-2734.38 -261.211 3
-2113.55 -377.925 3
-3211.43 175.582 3
-2666.42 -438.675 3
-2952.36 -410.743 3
-2377.6 -56.6988 3
-2764.18 -456.078 3
-2769.62 -576.403 3
-2864.04 -140.688 3
-2736.32 -51.889 3
-2797.12 -409.609 3
-2471.07 -388.696 3
-2705.88 -442.269 3
-2556.89 -54.6995 3
-3340.07 -96.1819 3
-2279.86 116.792 3
-2049.31 -490.209 3
-2511.51 -303.15 3
-2389.04 -542.955 3
-3157 -794.319 3
-2561.71 -503.721 3
-2858.63 -773.467 3
-2423.11 -233.223 3
-2386.08 -253.827 3
-2550.88 -1024.25 3
-2733.48 336.671 3
-2358.38 -710.308 3
-2577.29 -1178.66 3
-2874.41 296.074 3
-2898.6 -548.991 3
-2717.16 -440.908 3
-2450.86 -951.878 3
-2673.78 -415.396 3
-2672.12 -979.69 3
-1975.49 -700.726 3
-3251.57 -397.621 3
-2123.7 -908.527 3
-2431.95 -990.404 3
-2235.03 -811.907 3
-2841.05 302.184 3
-2917.19 -264.814 3
-2769.34 -322.969 3
-2672.38 -591.965 3
-2247.93 -646.666 3
-2143.62 -332.552 3
-2936.32 -1152.14 3
-2682.11 -439.862 3
-2733.43 -358.787 3
-2707.61 -474.38 3
-3082.05 -998.297 3
-3342.38 -615.941 3
-2093.01 -598.153 3
-2888.63 -989.895 3
-2685.67 296.918 3
-2881.18 -634.708 3
-1985.98 -338.767 3
-2926.9 6.85916 3
-2008.79 -702.509 3
-2189.5 -183.328 3
-3044.3 -265.518 3
-2411.35 -355.174 3
-2926.63 -564.215 3
-3039.2 -372.061 3
-2749.42 -405.229 3
-2900.51 7.1827 3
-2361.28 -61.5157 3
-2871.95 -347.42 3
-2992.03 -554.84 3
-2838.89 -724.342 3
-2771.21 -359.458 3
-3181.14 -408.315 3
-2742.66 -316.98 3
-2575.58 -1036.61 3
-2789.97 -328.189 3
-2679.67 -398.944 3
-3254.22 6.35497 3
-2379.97 -72.3691 3
-2681.26 -440.12 3
-3186.59 -194.163 3
-2701.67 -415.322 3
-2632 -604.224 3
-2721.52 269.852 3
-2887.88 -950.24 3
-2684.46 -429.909 3
-2477.89 -166.199 3
-2733.08 -55.9027 3
-2583.09 -366.933 3
-2699.61 178.793 3
-2276.85 -597.833 3
-3120.32 -296.42 3
-2604.16 -585.914 3
-2533.35 130.725 3
-2171.62 -174.1 3
