1323.3 -619.177 0
958.472 218.297 0
259.581 -531.793 0
544.292 48.3554 0
660.826 -184.726 0
371.797 -757.988 0
882.393 -361.839 0
954.782 174.794 0
557.325 353.717 0
770.402 408.527 0
584.132 -148.198 0
683.925 -240.98 0
260.596 -379.843 0
75.9547 -582.689 0
1075.35 -174.081 0
673.048 -188.466 0
275.089 -453.337 0
1046.63 236.129 0
595.152 -414.985 0
977.133 151.826 0
1185.35 47.8276 0
328.113 -498.274 0
45.5168 -139.202 0
76.3839 121.327 0
699.46 -223.856 0
691.854 -234.331 0
-13.5111 -16.1476 0
721.863 144.815 0
723.468 -180.983 0
467.827 -251.741 0
268.964 -571.926 0
710.659 135.229 0
263.902 132.911 0
602.141 81.2769 0
330.752 190.473 0
44.0417 -185.245 0
431.059 170.491 0
295.465 29.8713 0
532.416 15.8843 0
646.393 -844.199 0
575.554 -277.544 0
1135.14 -537.281 0
505.556 -314.293 0
963.411 -42.927 0
367.002 -254.748 0
37.0498 -296.568 0
1150.15 -92.639 0
913.927 -187.363 0
689.358 -378.514 0
769.513 -307.613 0
647.672 -275.748 0
748.07 -422.379 0
528.243 -368.048 0
1031.1 125.802 0
447.95 -140.415 0
746.891 82.2218 0
960.008 243.93 0
764.734 -342.479 0
629.653 -194.412 0
712.003 -305.989 0
488.422 -358.896 0
252.604 -27.6563 0
620.016 -210.172 0
639.213 -103.304 0
835.632 -282.832 0
685.86 -232.031 0
802.284 -372.604 0
579.574 -324.301 0
669.299 224.387 0
47.899 187.874 0
1261.63 135.569 0
1355.45 -53.1402 0
1048.42 -142.193 0
828.034 -353.609 0
822.652 -241.151 0
1262.45 -422.732 0
1021.74 259.085 0
644.636 -354.644 0
493.467 244.316 0
882.967 -776.018 0
831.971 -163.788 0
270.238 -123.184 0
451.72 -833.908 0
68.3489 -532.563 0
165.256 -72.7319 0
328.766 -200.602 0
1361.86 -598.08 0
357.033 -201.572 0
799.641 204.334 0
721.398 -409.198 0
651.378 -272.905 0
839.556 355.872 0
708.054 -285.754 0
386.856 130.21 0
205.837 10.5158 0
342.655 217.306 0
1339.5 74.5063 0
1370.31 -339.074 0
800.005 -32.5363 0
261.402 105.2 0
2939.66 2345.69 1
3014.1 2540.97 1
3132.87 2218.19 1
3040.79 2275.47 1
2755.85 2257.47 1
2949.38 2313.45 1
2975.56 2344.81 1
2796.53 2499.14 1
3368.47 2382.17 1
3213.27 2391.22 1
3103.35 2278.42 1
3245.61 2014.13 1
2936.47 2116.6 1
3287.34 2270.35 1
2686.61 1971.26 1
3353.35 2020.82 1
2764.98 2305.9 1
3353.13 2225.54 1
2624.37 2486.71 1
3084.5 2105.25 1
3003.68 2061.83 1
2941.52 2325.69 1
2839.52 2448.08 1
2934.72 2379.51 1
3311.36 2560.66 1
3004.04 2305.22 1
2730.24 2454.05 1
2629.64 2605.82 1
2913.93 1857.26 1
2935.29 2306.12 1
3071.19 2160 1
2987.85 2323.53 1
3227.39 2290.36 1
3114.98 1833.3 1
2969.13 2343.37 1
3003.25 2043.07 1
2452.69 2402.79 1
2980.76 2368.15 1
3100.28 2037.93 1
3025.43 2243.55 1
3010.94 2439.44 1
2971.86 2308.5 1
2632.39 2009.94 1
3165.31 2300.58 1
2430.25 2219.69 1
3299.36 2369.45 1
3179.58 1976.14 1
2885.97 2070 1
3040.04 2825.19 1
2690.49 2744.27 1
3300.05 2241.9 1
2641.96 2501.53 1
3393.47 2359.48 1
3347.16 2182.86 1
2951.36 2682.07 1
2923.64 2425.82 1
2976.08 2587.09 1
2712.88 2525.28 1
3072.52 1875.63 1
3157.85 2133.7 1
2665.06 2421.67 1
2704.5 2712.54 1
3239.67 2349.04 1
3147.47 2563.09 1
2886.06 2262.4 1
2943.05 2256.86 1
2769.58 2473.09 1
2848.74 2335.44 1
2701.69 1974.95 1
2914.41 2364.97 1
2689.24 1894.43 1
2705.6 2187.32 1
3042.15 2419.13 1
2873.02 2524.27 1
2489.58 2459.34 1
2547.63 2670.53 1
2711.64 2009.94 1
2873.3 2169.87 1
2959.56 2337.92 1
2467.96 2445.34 1
2451.9 2367.65 1
3166.48 2108.77 1
3388.01 2500.15 1
3039.15 2103.21 1
2668.97 2339.84 1
2747.16 2156.65 1
2620.45 2298.74 1
3264.13 2435.7 1
2665.06 2292.08 1
2841.46 2750.72 1
2473.35 2402.2 1
3168.81 2069.09 1
3202.99 2742.35 1
2872.54 2158.86 1
2986.44 2497.99 1
3437.25 2238.83 1
3088.27 2164.86 1
3327.68 2570.7 1
3236.65 2402 1
2600.79 2655.25 1
-561.051 1628.79 2
-513.185 1594 2
-1003.93 1480.73 2
-396.131 1627.06 2
-144.694 1469.18 2
-1002.44 1515.91 2
-33.02 1861.51 2
-373.287 1328.6 2
-174.926 1048.15 2
-1021.63 1406.66 2
-501.998 1351.08 2
-336.648 1683.64 2
-507.967 1611.49 2
-535.692 1639.19 2
-594.337 1134.19 2
-217.967 2242.4 2
-788.362 2161.34 2
-335.04 1780.31 2
-50.3945 1049.33 2
-145.025 1391.35 2
-493.833 1006.46 2
-418.156 1423.91 2
-164.427 976.887 2
-423.673 1437.52 2
-785.797 1898.79 2
4.14248 2039.17 2
-1058.97 1554.58 2
-424.208 1881.56 2
-323.036 1397.04 2
-765.026 2099.47 2
-463.362 1537.93 2
-511.14 1616.81 2
-548.171 1324.33 2
-151.715 1541.31 2
-492.867 1603.24 2
-517.82 1984.25 2
-430.016 1747.94 2
-888.15 1530.99 2
-522.353 1595.88 2
-606.6 1586.34 2
-561.663 1728.64 2
-539.614 1113.63 2
-1049.26 1124.79 2
179.817 1446.46 2
-222.044 1365.21 2
-465.954 1647.82 2
-1054.95 1741.65 2
-181.932 1941.9 2
-159.144 1974.22 2
-390.248 1568.48 2
-647.549 1624.49 2
-727.309 1258.49 2
-439.613 2215.33 2
-883.922 1142.96 2
-506.929 1561.11 2
-508.713 1570.99 2
-277.313 1708.58 2
-850.77 1737.21 2
-723.632 1590.81 2
-61.3014 1632.51 2
-593.828 2068.23 2
-1052.83 1615.74 2
-419.715 1628.71 2
-446.007 1404.22 2
-179.293 1060.41 2
-722.21 1961.07 2
-582.825 1176.41 2
-336.959 1363.93 2
-505.17 1608.83 2
-520.551 1558.57 2
-504.227 1586.65 2
-519.225 1651.21 2
-182.936 1066.3 2
-421.182 1409.99 2
11.8206 1682.79 2
111.24 2027.75 2
-626.071 1754.12 2
-89.9614 1073.79 2
-632.724 2007.97 2
-442.081 1191.95 2
-192.455 1621.98 2
-263.407 1676.15 2
-416.283 1676.75 2
-920.324 1267.51 2
-513.577 1275 2
-15.2049 1282.15 2
-835.886 1247.66 2
-414.911 1727.58 2
-650.359 1008.28 2
-92.9065 1698.07 2
-509.888 1622.62 2
57.2696 1897.85 2
-544.117 1748.14 2
-330.712 1814.29 2
-608.747 1701.85 2
-537.022 1600.78 2
-561.229 1553.4 2
-1080.91 1501.23 2
-878.718 1783.89 2
-405.215 1481 2
-143.224 2872.62 3
337.972 2806.34 3
-248.218 2737.92 3
-230.357 3112.91 3
-326.588 2676.35 3
2.82564 2777.14 3
-0.188735 2524.69 3
215.371 2628.79 3
114.108 2991.98 3
18.5184 2781.51 3
-120.45 2469.41 3
-98.4029 2732.14 3
-497.326 2711.71 3
121.992 2676.87 3
-7.79403 2803.7 3
-371.689 2748.3 3
-161.616 2836.53 3
-104.983 2938.01 3
-301.836 3124.77 3
61.7685 2882.84 3
-102.89 2887.95 3
-106.96 2844.13 3
-254.717 3003.71 3
-429.454 2670.38 3
-363.896 2756.91 3
-126.55 3167.46 3
-12.6453 3031.96 3
-76.7776 2882.68 3
-210.885 2893.08 3
-89.1296 2759.13 3
144.837 2857.04 3
105.639 2570.57 3
-93.9772 2952.35 3
-128.706 2724.92 3
-4.42777 2680.43 3
-336.401 3061.03 3
-404.625 3122.47 3
-520.243 2836.25 3
-100.867 2903.76 3
-172.72 3126.92 3
-169.595 2897.87 3
171.366 2872.89 3
-81.5004 2829.91 3
82.479 3252.31 3
135.14 2731.19 3
-284.457 2957.71 3
-271.215 2798.09 3
32.3229 2702.77 3
-464.779 2711.74 3
-35.7212 2813.96 3
-225.405 3148.13 3
56.1443 2606.2 3
-182.095 3040.39 3
9.24354 2696.58 3
135.784 2750.83 3
-70.5617 3262.97 3
-101.557 2889.83 3
-125.846 2893.55 3
-6.43485 2993.66 3
150.393 2998.75 3
-49.0603 3285.71 3
-93.4682 2623.05 3
72.3701 2602.9 3
62.5323 2707.79 3
-268.657 2832.3 3
132.978 2581.04 3
-484.785 2847.56 3
-124.066 2572.86 3
-160.149 2923.41 3
75.4944 2544.5 3
-89.417 3213.26 3
-119.9 2632.06 3
-276.707 2977.88 3
-295.907 2938.23 3
-79.0897 2879.15 3
-274.382 2516.11 3
-170.775 2773.63 3
18.6471 3083.2 3
-103.84 2886.12 3
-134.653 3235.27 3
-86.779 2875.53 3
-405.424 3140.92 3
-279.425 3005.26 3
-379.342 2599.95 3
-95.0662 2442.57 3
-70.433 3185.53 3
-523.269 3030.48 3
-30.5606 3118.66 3
241.846 3115.83 3
-317.462 2667.41 3
-133.553 2862.36 3
113.439 2964.41 3
-96.3964 2961.37 3
-168.324 2544.71 3
206.828 2757.82 3
-187.758 2879.69 3
-300.304 2906.45 3
-43.9035 2630.46 3
-273.432 3177.63 3
100.98 3031.92 3
-143.369 160.449 4
-43.5234 31.6095 4
138.546 72.9932 4
115.265 163.059 4
-36.3431 33.0776 4
40.9332 10.1514 4
-4.29419 5.66623 4
-49.6811 49.3938 4
68.8077 -48.1319 4
51.0969 14.0223 4
187.194 -163.955 4
125.06 119.703 4
-123.904 -63.6938 4
140.463 -37.0013 4
166.918 -3.6574 4
9.7617 -9.35969 4
42.8657 19.5626 4
-1.31303 40.5034 4
163.775 43.4278 4
21.5338 43.9903 4
33.7288 81.9587 4
-201.486 130.194 4
13.5456 62.5601 4
4.97022 -5.20313 4
-132.283 126.957 4
-70.0764 72.6736 4
-9.32442 -182.995 4
11.1183 -49.7109 4
-113.138 -71.928 4
-36.572 22.35 4
-210.285 110.172 4
-6.71803 -182.867 4
-157.504 -27.3693 4
-93.2449 176.145 4
-215.933 -121.142 4
193.146 -27.9799 4
-20.9279 179.886 4
124.74 26.2524 4
-150.721 174.652 4
125.721 -101.07 4
-12.2604 159.934 4
-83.6037 -15.9522 4
-153.643 78.1077 4
23.9713 192.826 4
-69.0585 -208.566 4
1.41526 35.465 4
31.9543 -1.86637 4
-196.99 -128.282 4
-0.966635 21.1661 4
-16.701 -219.795 4
-7.85402 35.0058 4
-69.0761 109.59 4
37.6617 225.239 4
78.7787 -215.272 4
-129.836 194.628 4
176.926 -176.207 4
158.645 -10.0905 4
135.291 -59.4532 4
30.2473 83.722 4
-26.3175 94.9547 4
69.2566 -35.972 4
126.801 159.113 4
-127.354 70.6315 4
-15.8274 10.6672 4
-146.247 -128.886 4
56.408 177.459 4
127.097 74.1017 4
71.7402 95.4962 4
-204.182 4.53267 4
39.287 177.171 4
0.587783 0.188294 4
-151.238 203.667 4
74.6477 -117.056 4
-45.5519 -31.2694 4
-3.41751 -4.96979 4
28.5935 -20.0506 4
159.062 167.382 4
-198.79 153.358 4
13.7496 -92.0204 4
-13.3296 159.801 4
11.7169 -34.9816 4
58.2322 9.25256 4
-2.18802 114.092 4
-131.912 128.51 4
-108.493 110.038 4
-6.90774 10.4371 4
-35.4397 -165.751 4
153.304 -54.0687 4
121.453 -51.2735 4
161.45 152.179 4
0.169314 -196.217 4
23.2838 13.2659 4
245.34 36.8627 4
13.5696 -12.7584 4
-98.0905 24.4063 4
-6.294 10.4278 4
164.05 -195.072 4
146.92 125.163 4
-154.149 96.1641 4
77.3501 55.1858 4
3146.6 1398.21 5
2797.52 1089.16 5
2607.6 1388.02 5
1913.96 2003.9 5
2503.05 2281.31 5
2315.44 882.89 5
2530.29 1089.06 5
2817.73 1342.16 5
2525.52 1534.62 5
3253.07 1813.51 5
2504.63 1742.88 5
3045.65 987.032 5
2345.98 1166.17 5
2655.92 1407.2 5
2385.28 1443.33 5
1991.26 1529.67 5
2463.63 1486.11 5
2814.63 1564.9 5
2059.89 1160.27 5
1803.19 1643.91 5
2072.62 1248.89 5
2651.37 1689.72 5
2130.74 1876.92 5
2433.49 1274.81 5
2634.52 1386.59 5
2592.87 1476.25 5
2683.34 1954.77 5
2371.5 1925.14 5
2975.2 1451.44 5
2447.76 1415.61 5
2574.58 1372.64 5
2515.88 1059.62 5
2680.23 1771.03 5
2493.54 1190.79 5
3123.04 1471.01 5
2762.26 1639.69 5
2322.06 1367.73 5
2494.44 1420.59 5
1802.25 1519.72 5
2219.68 909.287 5
2173.53 1269.47 5
2082.75 1678.85 5
2503.03 1029 5
3108.46 1342.02 5
2324.29 1589.7 5
2639.65 1300.86 5
2537.56 1561.36 5
2378.7 1657.4 5
2546.26 1663.06 5
2071.86 1572.68 5
2479.34 1225.21 5
2352.39 2104.72 5
2494.73 1239.82 5
2422.45 973.47 5
2418.82 1465.16 5
2476.36 1507.86 5
2520.03 1600.35 5
1933.75 1484.48 5
2402.83 625.787 5
1602.82 1464.22 5
2463.11 1658.07 5
2723.84 1309.47 5
2395.57 1574.24 5
2328.58 1367.64 5
2543.27 1424.61 5
2728.72 2018.78 5
2623.87 995.146 5
2481.67 1460.97 5
2319.04 1493.87 5
2367.6 1505.41 5
2888.12 1426.68 5
2892 1178.54 5
2421.67 1263.2 5
2819.93 1695.01 5
2513.34 2154.91 5
1629.49 1428.9 5
2972.86 1033.88 5
2290.83 1256.36 5
2481.04 1385.52 5
2857.33 1728.16 5
2306.07 776.631 5
2268.83 1327.28 5
1826.15 1696.87 5
2538.77 1202.4 5
2935.84 900.462 5
2912.32 1741.25 5
3105.92 1628.14 5
2492.17 1894.78 5
2823.63 1090.22 5
2212.52 942.471 5
2464 923.126 5
2434.63 1190.66 5
2336.28 1591.63 5
1800.68 1493.96 5
2849.07 1735.24 5
1975.15 1478.41 5
2409.12 986.071 5
2494.33 1443.39 5
2095.28 2189.2 5
1858.54 1128.62 5
-1769.71 -1773.83 6
-2114.91 -1737.62 6
-1664.03 -1784.59 6
-1840.48 -1801.98 6
-2062.8 -1456.26 6
-1949 -1598.13 6
-1503.53 -1571.06 6
-1479.94 -1796.15 6
-2054.12 -1994.3 6
-2441.44 -1938.58 6
-2410.45 -1363.66 6
-2348 -1746.83 6
-1459.75 -1705.78 6
-1738.83 -1788.8 6
-2389.13 -1563.66 6
-1647.58 -2127.32 6
-2041.06 -2316.92 6
-1917.41 -1770.09 6
-2466.34 -1826.81 6
-1887.22 -2341.28 6
-2320.88 -1728.27 6
-2512.4 -1696.15 6
-2060.96 -1609.03 6
-1809.93 -1195.81 6
-2101.05 -1854.33 6
-1991.42 -1752.61 6
-1592.82 -1784.6 6
-1901.93 -1781.55 6
-2006.23 -1747 6
-1936.06 -1748.27 6
-1535.97 -1481.77 6
-1780.29 -1652.8 6
-1911.32 -1954.87 6
-2107.02 -1692.15 6
-1945.39 -1776.71 6
-1975.23 -1784.52 6
-2081.45 -2177.29 6
-2372.24 -1940.49 6
-1826.74 -1653.82 6
-2290.88 -1567.27 6
-1952.19 -1881.66 6
-2412.65 -1731.92 6
-2068.27 -1882.4 6
-1999.1 -1922.74 6
-1835.51 -2159.68 6
-2150.6 -2078.75 6
-1779.8 -1773.99 6
-1612.21 -2171.21 6
-2030.74 -2070.3 6
-2550.94 -1772.22 6
-1570.97 -2239.18 6
-1976.02 -1721.5 6
-1450.61 -1445.42 6
-2056.05 -1500.79 6
-1896.33 -1609.92 6
-2039.83 -2187.53 6
-2277.17 -2036.21 6
-2220.48 -1667.96 6
-2240.52 -1233.29 6
-1779.98 -2153.07 6
-2290.1 -1910.6 6
-1444.19 -2138.43 6
-1792.59 -1615.31 6
-1837.82 -2101.56 6
-1557.81 -1974.59 6
-1988.73 -1454.8 6
-1924.06 -1876.8 6
-1807.4 -1548.73 6
-2171.28 -2124.16 6
-1842.65 -1617.05 6
-1780.03 -2252.42 6
-2103.29 -1220.81 6
-2317.8 -1851.98 6
-1876.4 -2075.7 6
-1985.93 -1771.43 6
-2255.6 -1465.02 6
-1824.93 -1438.87 6
-1701.72 -1439.73 6
-1562.84 -2163.66 6
-2227.99 -2232.95 6
-2045.27 -1945.34 6
-2513.95 -1714.69 6
-2083.43 -1761.41 6
-1730.28 -1573.41 6
-1892.8 -1327.95 6
-1405.29 -1445.76 6
-2025.75 -1723.92 6
-1977.09 -1754.58 6
-1966.69 -1830.33 6
-2322.34 -1797.2 6
-1926.96 -1765.43 6
-2373.08 -2053.76 6
-1763.19 -1826.77 6
-1855.16 -1391.96 6
-1661.94 -1901.42 6
-1955.28 -1710.53 6
-1785.29 -1726.52 6
-2374.01 -1650.67 6
-2115.67 -1713.61 6
-2403.52 -1688.25 6
-1406.07 -1181.76 7
-1147.38 -1492.95 7
-912.735 -1211.9 7
-1086.91 -1233.78 7
-826.143 -1087.65 7
-1052.98 -1180.71 7
-1159.49 -1531.91 7
-1061.89 -1425.52 7
-726.825 -1417.4 7
-1211.45 -1187.45 7
-1190.3 -986.743 7
-1206.18 -1401.94 7
-864.858 -1241.35 7
-766.765 -956.183 7
-1167.97 -1119.77 7
-1331.69 -1335.06 7
-821.196 -1265.72 7
-969.26 -994.373 7
-1089.61 -1280.03 7
-1003.65 -817.265 7
-1373.87 -1311.75 7
-1068.85 -929.256 7
-968.585 -995.539 7
-996.142 -1005.98 7
-1044.25 -1199.21 7
-986.84 -1218.64 7
-1273.52 -1216.22 7
-1096.79 -1575.78 7
-1033.32 -1049.09 7
-959.57 -1225.33 7
-1139.25 -1167.28 7
-1013.3 -1262.88 7
-924.252 -1208 7
-1189.94 -989.143 7
-916.473 -1135.64 7
-889.082 -1347.14 7
-908.766 -1477 7
-1147.98 -876.732 7
-965.582 -928.311 7
-1127.19 -1182.53 7
-1030.04 -1187.27 7
-992.734 -1021.8 7
-1006.12 -1120.1 7
-1131.54 -1371.45 7
-1271.73 -1141.87 7
-827.808 -1043.16 7
-859.793 -1174.41 7
-999.813 -1393.53 7
-936.013 -1525.23 7
-1395.58 -1279.95 7
-983.76 -1165.65 7
-1042.52 -871.758 7
-1292.67 -1097.4 7
-1019.19 -1369.85 7
-849.138 -1457.79 7
-967.254 -1151.57 7
-1054.82 -1231.65 7
-1198.63 -1088.94 7
-1183.24 -1098.62 7
-1117.14 -1469.76 7
-760.429 -950.928 7
-1012.42 -828.098 7
-890.311 -1276.54 7
-912.069 -1150.89 7
-1184.08 -1156.31 7
-1064.46 -1490.04 7
-741.25 -1315.91 7
-774.636 -1033.12 7
-1047.88 -1218.4 7
-1145.88 -1522.46 7
-1084.44 -1229.56 7
-1063.81 -1311.42 7
-1158.36 -1138.39 7
-1182.92 -902.462 7
-1256.92 -1381.73 7
-1013.54 -1156.52 7
-1342.06 -1208.13 7
-1091.39 -1262.65 7
-1082.44 -1105.15 7
-1140.53 -1052.11 7
-1023.32 -1255.59 7
-1086.84 -1206.61 7
-1062.02 -1099.44 7
-1068.56 -986.16 7
-778.383 -1072.53 7
-1058.62 -1213.16 7
-1098.19 -967.233 7
-846.852 -867.616 7
-1161.93 -1181.18 7
-1176.8 -934.306 7
-1178.09 -1284.81 7
-1145.57 -1093.32 7
-1018.04 -1337.58 7
-1052.74 -1148.23 7
-1289.7 -1414.41 7
-1194.45 -1145.89 7
-1240.88 -1518.48 7
-883.665 -1143.68 7
-976.897 -1204.82 7
-1054.78 -1231.97 7
-830.576 -1850.34 8
-223.187 -2435.65 8
-319.63 -2174.55 8
-369.753 -2147.34 8
86.134 -2001.8 8
-770.503 -1734.54 8
-731.215 -2042.63 8
78.6614 -2535 8
-30.3077 -2268.99 8
-384.511 -2179.06 8
-541.303 -2649.88 8
-445.062 -1603.04 8
-743.873 -2317.75 8
68.6488 -1973.59 8
-439.04 -2125.93 8
-693.959 -2240.43 8
-587.969 -2685.97 8
-255.511 -2178.63 8
-400.646 -2085.48 8
-280.076 -2269.45 8
-122.669 -1656.59 8
91.4082 -2167.16 8
-509.189 -2300.43 8
-492.242 -1909.15 8
-204.837 -2378.62 8
-756.533 -2160.47 8
-497.548 -2609.07 8
-182.858 -2659.34 8
-97.3918 -2309.17 8
-9.3363 -2361.05 8
-177.105 -2033.12 8
-370.266 -2187.56 8
-458.98 -2393.31 8
-801.361 -2255.72 8
-271.005 -2197.51 8
-286.042 -2066.02 8
-391.831 -2218.87 8
-777.897 -1789.17 8
-322.402 -2208.6 8
-540.012 -1822.83 8
-317.435 -2058.33 8
-267.94 -2288.94 8
-93.482 -1764.78 8
-59.7702 -1747.47 8
-369.575 -2176.94 8
-442.059 -2207.59 8
-351.945 -2165 8
-251.268 -2595.23 8
-184.207 -2156.26 8
-416.643 -2140.74 8
-342.732 -2014.85 8
-86.7836 -1701.05 8
-423.852 -1658.59 8
-305.325 -1714.57 8
-672.062 -2141.25 8
-395.335 -2228.76 8
-686.227 -2063.33 8
7.09821 -2425.36 8
-326.388 -2213.66 8
-872.955 -2076.31 8
201.99 -2028.54 8
-842.08 -2233.88 8
-664.042 -2670.65 8
-164.283 -2615.72 8
37.0847 -1777.51 8
34.9782 -1750.4 8
-588.561 -2276.63 8
-356.811 -2151.06 8
-488.091 -2150.3 8
-298.315 -2247.83 8
-243.835 -2598.4 8
-454.568 -1853.15 8
-207.403 -2151.55 8
-643.486 -2106.58 8
-206.26 -1997.17 8
-35.1016 -2096.45 8
-211.772 -2393.28 8
12.1353 -2396.72 8
-796.792 -2157.94 8
-477.624 -1897.65 8
-512.388 -1735.2 8
-145.065 -2322.6 8
-274.821 -2266.65 8
-692.97 -2091.7 8
-485.156 -2337.99 8
-410.553 -1859.48 8
-533.55 -2645.01 8
-1.10942 -1916.15 8
-151.763 -1905 8
-193.118 -2211.66 8
-529.686 -2057.94 8
-286.679 -1596.7 8
-497.595 -1717.18 8
-767.232 -2140.02 8
-785.773 -2374.14 8
-370.073 -2213.26 8
-518.866 -2500.28 8
-492.806 -2160.74 8
-487.883 -2071.34 8
-520.065 -2146.94 8
2081.43 354.416 9
2067.32 85.9943 9
1696.97 418.666 9
1906.22 400.565 9
2029.01 -23.3562 9
1555.16 266.868 9
1746.84 205.998 9
1480.05 259.389 9
2063.49 252.255 9
1554.41 186.903 9
1830.17 356.737 9
1941.9 -36.332 9
1817.71 427.706 9
1909.68 390.037 9
1600.98 52.9163 9
1815.09 213.765 9
1831.41 187.803 9
1922.99 184.271 9
1782.91 463.52 9
1744.75 85.5215 9
2145.67 376.932 9
1679.85 52.0072 9
1919.69 178.026 9
1727.1 323.412 9
1497.84 291.843 9
2086.25 210.138 9
1858.55 358.228 9
2067.48 548.756 9
2010.03 -1.42906 9
2113.06 75.5197 9
1515.82 281.446 9
1826.63 234.884 9
1681.99 21.0695 9
1887.12 239.576 9
1780.47 315.188 9
1970.83 46.8223 9
1586.88 219.897 9
1729.41 47.898 9
1990.6 179.07 9
1756.2 208.051 9
2088.8 331.394 9
1705.65 514.579 9
1616.36 266.017 9
1817.14 243.026 9
1878.86 302.598 9
1834.56 539.063 9
1835.62 325.231 9
1820.64 262.968 9
1569.99 228.445 9
1534.99 395.228 9
1823.24 -0.224265 9
2132.83 326.715 9
1879.76 118.508 9
1650.94 369.24 9
1697.19 141.81 9
1876.08 41.8579 9
2024.44 94.1545 9
1659.16 8.69312 9
1614.07 300.858 9
1924.56 213.564 9
1650.87 99.3691 9
1755.33 588.189 9
1616.65 313.38 9
1850.72 298.056 9
2058.81 115.338 9
1931.65 365.842 9
2118.88 317.122 9
1691.23 -75.5438 9
1642.75 420.544 9
1829.38 297.261 9
1962.11 492.757 9
1911.99 136.882 9
1984.34 283.09 9
1650.95 -84.9912 9
1984.99 33.0667 9
1813.91 291.75 9
1784.33 189.196 9
1811.83 7.73746 9
1931.52 295.692 9
1836.52 392.803 9
1715.98 476.284 9
1692.28 150.146 9
1929.21 328.938 9
1695.03 537.55 9
1690.65 246.896 9
1867.7 392.728 9
1862.69 484.233 9
1760.09 -21.4729 9
1813.72 268.656 9
1775.69 162.598 9
1826.65 244.539 9
1821.14 234.465 9
1659.96 307.581 9
2090.32 112.635 9
1684.54 412.855 9
1519.72 321.23 9
2119.02 265.085 9
1830.84 244.01 9
1937.22 547.246 9
1633.08 170.917 9
