115.979 -272.206 0
60.4325 -634.124 0
187.199 14.4859 0
-111.031 505.295 0
111.774 -134.736 0
-625.79 101.525 0
-27.3958 -4.8255 0
-132.615 26.4523 0
-238.268 -364.621 0
219.119 24.375 0
-166.576 -347.945 0
255.49 82.7105 0
-233.775 -186.906 0
-86.1662 -111.882 0
-97.2211 -37.895 0
-475.365 387.666 0
-4.02813 -10.0471 0
-65.7198 -37.7531 0
58.6983 -333.903 0
0.187873 326.587 0
145.383 308.14 0
-35.8087 8.61862 0
-123.076 144.68 0
355.417 -264.056 0
-13.535 -213.934 0
367.633 403.42 0
233.536 53.798 0
-368.575 -344.948 0
212.697 -197.765 0
153.108 -237.071 0
208.842 -221.077 0
-431.399 -236.183 0
33.1169 -95.1031 0
94.9457 -320.604 0
-200.442 485.736 0
198.298 96.6335 0
-369.365 -317.92 0
46.0183 31.1952 0
-506.045 -303.224 0
84.3841 102.337 0
214.527 -135.694 0
169.178 40.5469 0
-326.017 60.4913 0
-185.507 -91.1723 0
1.80259 -69.3611 0
40.6582 -108.201 0
-399.96 119.469 0
-39.9421 253.498 0
586.533 12.908 0
-613.954 -118.246 0
-20.8512 505.479 0
309.621 28.6836 0
629.158 123.866 0
-152.247 -581.007 0
-7.3018 -94.8919 0
-405.86 -114.859 0
37.2098 -88.9358 0
517.989 103.632 0
50.0433 91.8343 0
461.25 309.587 0
-127.786 98.9727 0
-125.186 -43.2359 0
494.101 -384.132 0
7.79267 564.395 0
-63.3848 -528.486 0
-0.785207 18.2695 0
-33.3549 49.362 0
96.0707 220.595 0
419.115 -312.879 0
135.216 -11.0244 0
-191.79 61.8858 0
-33.0962 97.0465 0
-109.941 -260.524 0
11.7236 -280.935 0
-282.021 163.703 0
71.1938 299.518 0
-123.784 -53.7464 0
-26.578 12.1663 0
334.662 -343.291 0
226.35 195.771 0
645.897 84.6691 0
12.0651 -47.3364 0
-239.15 164.2 0
-477.529 -100.164 0
-28.0141 197.722 0
231.609 -69.7391 0
-446.091 145.36 0
-101.792 31.3648 0
-256.678 301.617 0
179.157 541.951 0
-416.396 -238.459 0
115.123 -340.882 0
-405.957 -379.349 0
7.45484 9.06916 0
105.866 170.264 0
-235.139 423.545 0
-48.4102 -0.420058 0
-35.2562 149.472 0
-227.83 285.661 0
250.085 -325.624 0
-1579.41 -2013.3 1
-1208.33 -1990.72 1
-2061.32 -2100.93 1
-1434.81 -2107.92 1
-1645.76 -1566.61 1
-1773.89 -2340.97 1
-1563.61 -1879.36 1
-2042.4 -2163.02 1
-1991.72 -1950.93 1
-1636.02 -2075.06 1
-1631.45 -1956.28 1
-1497.76 -1576.7 1
-1712.71 -1853.28 1
-1609.08 -1652.66 1
-1584.37 -1808.96 1
-1562.21 -2131.03 1
-1616.28 -2221.13 1
-1527.37 -2539.66 1
-1805.04 -2378.7 1
-1749.41 -1436.96 1
-2017.24 -1697.83 1
-1545.11 -1980.2 1
-1963.39 -2394.44 1
-1082.35 -1548.43 1
-1580.41 -2148.54 1
-1935.32 -2050.89 1
-1580.53 -1696.6 1
-1577.93 -1965.12 1
-1650.13 -1938.17 1
-1835.11 -1968.47 1
-1539.96 -1884.3 1
-1516.13 -2154.02 1
-1056.44 -2190.7 1
-1652.51 -1898.19 1
-1553.33 -2021.11 1
-1684.57 -1503.1 1
-1627.19 -1924.46 1
-1488.34 -2104.47 1
-1593.07 -2176.7 1
-1558 -2263.83 1
-1958.84 -2040.44 1
-1886.43 -1651.23 1
-1165.89 -1857.37 1
-1827.58 -1563.31 1
-1724.07 -1363.2 1
-1705.79 -1634.2 1
-1569.96 -1817.49 1
-1634.44 -1504.35 1
-1462.16 -2456.15 1
-1580.64 -1522.05 1
-1406.76 -1728.96 1
-1581.24 -1560.76 1
-2257.08 -1957.06 1
-1539.38 -1987.05 1
-1544.08 -1346.18 1
-1309.51 -2360.63 1
-1762.42 -2001.13 1
-1601.4 -1353.17 1
-1446.52 -1663.5 1
-1621.63 -1926.44 1
-1713.8 -2186.59 1
-1568.87 -1900.61 1
-1553.09 -2061.6 1
-1666.81 -1732.77 1
-1989.01 -1485.8 1
-1061.22 -1729.19 1
-1612.45 -1972.75 1
-1806.72 -1841.44 1
-1986.85 -1814.34 1
-1611.7 -2076.35 1
-1156.07 -2240.31 1
-1959 -1713.31 1
-1248.4 -1423.48 1
-1933.12 -2149.12 1
-1489.55 -2041.47 1
-1574.9 -2023.54 1
-1920.55 -1398.87 1
-1549.98 -2044.55 1
-1640.98 -1883.34 1
-1144.07 -2143.19 1
-1620.89 -1658.47 1
-1019.08 -2198.93 1
-1265.59 -2019.91 1
-1564.5 -1946.22 1
-1760.85 -2168.79 1
-1611.01 -1932.68 1
-1688.38 -2298.38 1
-1649.03 -1904.2 1
-1529.05 -1481.36 1
-1377.05 -1510.59 1
-1941.87 -1976.17 1
-1421.96 -1912.77 1
-1761 -1839.52 1
-1793.91 -2311.35 1
-1630.83 -1454.93 1
-1136.06 -1842.33 1
-1660.96 -2070.88 1
-1767.01 -1427.72 1
-1493.9 -1683.62 1
-1606 -2053.51 1
2833.24 -1964.33 2
2559.45 -1949.09 2
2670.11 -2207.09 2
2608.89 -2139.96 2
2714.6 -2041.66 2
2742.92 -2052.8 2
2484.95 -2073.59 2
2482.91 -1924.58 2
2663.14 -2269.84 2
2721.83 -2057.05 2
2732.86 -2049.52 2
2708.77 -2018.55 2
2535.61 -2039.26 2
2727.71 -2068.89 2
2774.71 -2120.18 2
2646.66 -2130.08 2
2593.07 -1979.02 2
2677.18 -1987.44 2
2771.58 -2075.34 2
2624.46 -2150.48 2
2657.32 -2047.13 2
2729.71 -2129.82 2
2572.99 -1890.74 2
2723.54 -2053.44 2
2659.76 -2107.28 2
2576.05 -1912.31 2
2708.09 -2088.25 2
2718.71 -1965.21 2
2893.49 -2049.96 2
2749.21 -2076.27 2
2565.78 -2193.24 2
2793.77 -1936.67 2
2670.02 -2224.9 2
2645 -1909.03 2
2720.5 -2069.12 2
2955.56 -2173.58 2
2524.28 -1961.42 2
2857.4 -2033.02 2
2715.87 -2081.04 2
2563.88 -2016.18 2
2774.77 -2046.27 2
2532.41 -1872.14 2
2543.96 -2204.1 2
2633.37 -1847.56 2
2678.43 -1929.88 2
2746.46 -2141.37 2
2819.1 -2031.8 2
2924.87 -2241.43 2
2735.35 -2163.98 2
2733.51 -2108.63 2
2619.42 -1951.71 2
2729.15 -2077.16 2
2459.66 -2036.56 2
2727.29 -2065.04 2
2721.29 -2000.04 2
2986.89 -1997.74 2
2630.24 -2181.33 2
2798.62 -2217.97 2
2741.81 -2123.3 2
2679.06 -2178.73 2
2786.25 -2102.46 2
2655.55 -1916.81 2
2970.35 -2132.38 2
2759.57 -2040.16 2
2729.12 -2066.12 2
2639.56 -2077.64 2
2744.24 -1980.04 2
2630.38 -2082.87 2
2615.81 -2079.81 2
2825.71 -1893.02 2
2721.62 -2069.82 2
2662.24 -2308.61 2
2531.78 -2100.97 2
2659.82 -2171.24 2
2739 -1945.71 2
2649.71 -2056.53 2
2822.77 -2025.48 2
2571.3 -2226.54 2
2727.1 -2051.13 2
2971.56 -2161.99 2
2692.25 -1967.5 2
2693.93 -2088.37 2
2765.69 -2321.36 2
2854.4 -2094.54 2
2821.87 -2052.05 2
2686.54 -1998.73 2
2722.76 -2029.26 2
2789.94 -2040.47 2
2532.74 -2019.55 2
2830.95 -1824.45 2
2845.45 -2144.94 2
2553.31 -2168.09 2
2473.24 -2060.87 2
2725.73 -1930.74 2
2643.72 -2188.95 2
2611.93 -2025.78 2
2720.48 -1893.22 2
2562.41 -2086.85 2
2592.19 -2309.16 2
2880.07 -2066.34 2
-555.593 999.851 3
-900.928 834.59 3
-997.954 820.249 3
-1021.89 899.974 3
-855.776 861.796 3
-658.242 886.193 3
-553.472 892.862 3
-824.114 688.903 3
-967.759 814.052 3
-846.642 892.044 3
-891.037 903.392 3
-1276.91 1031.35 3
-583.122 886.588 3
-725.652 933.503 3
-916.743 864.206 3
-1033.69 1283.7 3
-930.564 1178.57 3
-994.402 630.95 3
-726.208 789.693 3
-949.994 1164.6 3
-1275.64 1021.93 3
-453.412 1109.55 3
-920.443 445.69 3
-962.774 724.736 3
-1033.47 1152.9 3
-590.889 987.553 3
-995.034 697.97 3
-882.349 868.006 3
-902.92 1177.49 3
-1041.54 1227.55 3
-867.058 913.208 3
-868.382 894.825 3
-381.108 841.399 3
-819.068 1220.2 3
-882.555 912.324 3
-1207.68 681.626 3
-502.398 860.051 3
-871.237 703.985 3
-1120.16 1018.71 3
-1007.9 505.119 3
-903.254 1176.31 3
-826.37 882.652 3
-1156.91 843.587 3
-1224.13 700.478 3
-1072.29 1028.44 3
-785.443 792.26 3
-996.751 727.076 3
-843.832 484.198 3
-754.788 891.173 3
-954.727 885.57 3
-888.785 1017.59 3
-889.563 950.481 3
-1233.27 849.308 3
-966.237 749.016 3
-1270.97 855.589 3
-787.054 1012.4 3
-981.207 858.59 3
-950.763 852.073 3
-967.557 996.09 3
-1017.8 747.033 3
-1037.91 1203.3 3
-1224.21 994.111 3
-879.102 873.594 3
-1116.08 936.311 3
-848.103 807.134 3
-544.97 1045 3
-454.809 862.489 3
-967.904 1284.34 3
-819.599 602.242 3
-816.963 757.302 3
-1322.39 874.635 3
-788.056 1133.32 3
-743.599 814.341 3
-696.102 1024.2 3
-1022.05 749.946 3
-696.542 892.823 3
-942.57 861.613 3
-882.425 944.244 3
-1034.91 1160.22 3
-1006.72 695.445 3
-961.607 998.672 3
-789.867 575.016 3
-535.448 794.326 3
-707.41 1124.05 3
-662.926 983.091 3
-1042.57 843.949 3
-774.711 899.811 3
-768.227 613.062 3
-1004.9 471.89 3
-840.059 915.237 3
-841.671 433.949 3
-829.708 734.41 3
-826.199 1031.16 3
-488.662 690.968 3
-846.423 879.296 3
-781.548 1114.08 3
-1080.15 1038.43 3
-795.534 835.043 3
-905.595 515.72 3
-967.207 969.027 3
817.334 2618.43 4
490.992 2469.99 4
772.851 2086.53 4
950.408 2071.47 4
1118.13 2204.04 4
743.604 2595.93 4
454.955 2873.6 4
1026.87 2420.32 4
868.086 2597.64 4
956.933 2822.33 4
788.657 2592.37 4
989.547 2375.28 4
994.332 2761.81 4
937.434 2563.49 4
845.454 2599.15 4
786.309 2649.33 4
1168.79 2605.6 4
1151.93 2329.39 4
608.459 2643.51 4
849.862 2552.03 4
972.678 2484.45 4
547.36 2549.33 4
867.641 3132.49 4
857.422 2615.48 4
832.543 2622.84 4
872.508 3154.94 4
624.78 2333.03 4
927.03 3037.65 4
561.138 3062.38 4
1019.2 2419.31 4
580.197 2742.51 4
912.827 2920.42 4
846.164 3135.72 4
959.702 2511.64 4
843.55 2619.73 4
793.015 2616.44 4
912.334 2571 4
843.176 2190.46 4
1008.27 2674.85 4
1182.69 2340.51 4
782.252 2475.92 4
753.483 2430.92 4
645.649 2401.52 4
711.236 2092.42 4
483.732 2681.11 4
1066.58 2518.04 4
877.997 2563.51 4
1049.93 2556.51 4
796.561 2432.3 4
651.907 2910.93 4
702.402 2461.63 4
823.691 2602.87 4
752.461 2210.78 4
904.576 2686.04 4
822.575 2525.4 4
981.858 2406.03 4
951.566 2626.24 4
679.441 2689.54 4
1199.84 2689.72 4
554.47 2285.2 4
490.825 2550.37 4
822.454 2346.02 4
815.704 2612.99 4
443.967 2586.28 4
784.171 2247.01 4
887.304 3059.99 4
1073.4 2871.6 4
645.584 2432.47 4
409.124 2521.56 4
898.077 2557.34 4
780.917 2812.09 4
855.379 2758.62 4
824.706 2681.12 4
701.988 2442.01 4
753.104 2613.21 4
983.444 2724.59 4
1017.23 2786.63 4
849.979 2907.01 4
872.757 2440.78 4
459.743 2527.88 4
901.533 2702.19 4
1246.74 2616.67 4
841.599 2346.06 4
787.091 2614.96 4
761.357 2991.05 4
794.8 2303.05 4
813.155 2527.49 4
1160.45 2879.67 4
1173.82 2672.89 4
1265.33 2515.27 4
598.906 2154.15 4
927.496 2658.16 4
605.655 2673.6 4
721.149 2308.44 4
812.649 2617.53 4
361.422 2282.27 4
808.98 2609.58 4
787.386 2624.35 4
866.903 2452.12 4
522.966 3110.13 4
-2146.93 1854.73 5
-1947.4 1785.81 5
-1946.65 2070.85 5
-2221.15 1774.92 5
-2172.43 1466.41 5
-2036.09 2068.33 5
-2336.28 1927.4 5
-2268.88 2133.33 5
-1950.03 1813.44 5
-1935.96 1742.01 5
-1906.97 1986.11 5
-1742.54 1924.45 5
-2067.27 1587.09 5
-2078.27 1742.38 5
-2209.25 1617.33 5
-1680 1808 5
-1793.9 1979.91 5
-1978.87 1705.33 5
-1617.04 2066.29 5
-1892.45 2176.57 5
-1726 1744.66 5
-1643.43 1611.5 5
-1973.63 1700.96 5
-2136.45 1558.09 5
-1647.11 1936.82 5
-2215.78 1931.68 5
-1996.77 1496.49 5
-1966.17 1989.13 5
-2212.16 1800.81 5
-1755.41 1548.17 5
-1999.56 1745.3 5
-1808.67 1836.55 5
-1566.63 1897.64 5
-1928.46 1630.59 5
-1996.05 1702.39 5
-1614.48 1657.55 5
-2287.6 1924.2 5
-2233.52 1955.74 5
-2340.59 2022.23 5
-2076.03 1921.9 5
-1981.8 1311.58 5
-1781.64 1777.73 5
-1912.2 2197.33 5
-1917.75 1863.88 5
-1787.85 2116.14 5
-1922.67 1802.78 5
-2066.06 1918.27 5
-1886.27 1740.79 5
-2315.7 1977.63 5
-1875.53 1549.24 5
-2151.03 2136.23 5
-1655.66 2135.11 5
-1756.94 1957.31 5
-1896.98 1322.74 5
-1968.99 1682.31 5
-1581.08 1609.88 5
-1862.79 1700.02 5
-1891.16 1841.38 5
-1964.27 1956.21 5
-1841.3 1583.72 5
-1969.71 1774.22 5
-2112.96 1860.1 5
-2381.82 1658.65 5
-1926.45 1648.47 5
-1747.64 2082.39 5
-1714.52 1973.48 5
-2135.52 1343.33 5
-1889.2 1903.44 5
-2238.85 1399.68 5
-1953.7 2122.63 5
-1936.02 1700.34 5
-2288.16 1841.84 5
-2034.34 1689.88 5
-1681.37 1457.44 5
-2110.2 1903.05 5
-1812.97 1693.74 5
-1900.33 1820.68 5
-1976.13 1872.46 5
-1786.86 1589.44 5
-1915.73 1716.58 5
-2068.6 1339.34 5
-2032.8 1860.5 5
-2187.25 2204.79 5
-1968.28 2227.2 5
-1942.49 1812.38 5
-2344.78 1702.43 5
-1663.22 1389.81 5
-1859.44 1815.58 5
-1890.79 1588.17 5
-2418.77 1731.1 5
-2013.17 1948.24 5
-1925.92 1792.82 5
-1734.11 1368.53 5
-2324.88 1662.37 5
-1671.42 2068.33 5
-1713.53 1712.69 5
-1718.07 2022.06 5
-2139.3 1415.22 5
-1871.33 1794.77 5
-2045.43 1856.23 5
2555.44 2476.89 6
2465.38 2444.67 6
2271.12 2888.42 6
2232.43 2437.71 6
2457.51 2203.61 6
2743.24 2061.42 6
2609.07 2211.25 6
2538.3 2404.95 6
2477.37 2599.33 6
2467.46 2717.52 6
2486.45 2765.84 6
2719.16 2490.07 6
2786.12 2620.18 6
2407.03 2840.35 6
2105.26 2366.48 6
2524.66 2491.85 6
2339.67 2073.55 6
2538.35 2375.92 6
2548.99 2480.34 6
2320.04 2277.15 6
2543.95 2509.25 6
2624.38 2206.9 6
2481.75 2373.6 6
2566.32 2805 6
2593.42 2462.11 6
2994.84 2749.64 6
2427.99 2670.53 6
2121.96 2235.3 6
2651.07 2190.92 6
2907.35 2555.56 6
2667.61 2299.23 6
2518.01 2638.01 6
2983.12 2256.11 6
2473.86 2372.54 6
2146.85 2342.71 6
2582.79 2466.25 6
2782.46 2901.46 6
2782.2 2028.35 6
3047.24 2265.03 6
2533.17 2298.35 6
2508.76 2620.74 6
2468.74 1949.84 6
2436.08 2560.21 6
2697.78 2934.55 6
2782.64 2759.04 6
2771.56 2268.91 6
2691.08 2390.23 6
2516.22 2586.23 6
2589.47 2541.4 6
2388.39 2647.3 6
2341.27 2516.04 6
2537.31 2303.18 6
2367.01 2621.95 6
2315 2188.57 6
2508.5 2448.12 6
2718.49 3006.13 6
3030.06 2362.21 6
2502.09 2518.17 6
2392.29 2025.13 6
2843.4 2958.21 6
2053.84 2443.24 6
2545.77 3038.34 6
2833.64 2008.98 6
2741.33 2473.71 6
2534.87 2488.39 6
2546.79 2779.79 6
2545.14 2599.74 6
2135.42 2730.21 6
2544.25 2083.5 6
2484.17 2619.12 6
2618.13 2451.83 6
2512.19 2501.31 6
2857.78 2185.53 6
2475.92 2194.82 6
2468.25 2498.46 6
2382.47 2286.76 6
2604.92 2482.5 6
2639.92 2431.97 6
2822.06 2041.21 6
2252.09 2345.62 6
2889.92 2354.87 6
2684.38 2479.62 6
2502.67 2171.36 6
2763.78 2515.02 6
2361.98 2461.85 6
2444.11 2963.98 6
2862.95 2530.91 6
2631.65 2863.21 6
2487.46 2406.54 6
2355.37 2540.07 6
2770.41 2973.17 6
2313.05 2146.97 6
2788.31 2703.86 6
2726.12 2396.84 6
2676.17 2834.51 6
2561.07 2513.43 6
2474.93 2213.12 6
2541.65 2484.56 6
2788.99 2025.57 6
2550.26 2493.31 6
2608.42 963.168 7
2662.96 1498.54 7
2581.16 1782.32 7
2735.85 1142.46 7
2030.96 1260.62 7
2939.68 989.694 7
2723.73 1251.18 7
3066.64 1270.3 7
2761.92 1204.56 7
2696.89 891.31 7
2605.6 1622.64 7
2719.56 1076.45 7
3020.65 712.637 7
2678.17 1123.52 7
2299.7 891.108 7
2691.75 1129.65 7
2651.22 1037.41 7
2137.41 1509.99 7
3045.54 1542.46 7
3130.05 1381.36 7
2935.78 1367.94 7
2637.22 1089.02 7
2579.38 1659.75 7
2242.1 986.136 7
2761.34 1131.3 7
3207.1 1537.88 7
2381.1 888.181 7
3037.74 1193.24 7
3286.11 882.77 7
2448.89 1080.27 7
2864.63 1289.84 7
2827.54 1076.93 7
2666.5 1091.42 7
3120.47 1563.21 7
3040.08 1411.82 7
2776.16 889.894 7
3050.43 1146.27 7
2652.72 1179.43 7
3197.27 1042.04 7
2529.22 732.769 7
2839.04 945.241 7
2823.13 1336.69 7
2486.73 448.479 7
2472.5 455.182 7
2746.78 1166 7
2341.89 755.279 7
2664.12 1005.26 7
2896.93 1117.44 7
2760.07 1689.98 7
2767.25 1393.83 7
2759.69 1069.68 7
2887.34 1263.23 7
3028.29 1253.68 7
2601.35 854.259 7
3390.67 1295.71 7
3018.14 616.69 7
2836.94 960.302 7
2176.18 1565.98 7
2750.98 1544.17 7
2737.11 1175.3 7
2757.61 1881.08 7
2714.89 1655.36 7
2724.74 1142.8 7
3018.93 1301.75 7
2816.2 984.427 7
3008.12 650.534 7
2730.68 1143.39 7
3270.33 969.608 7
2890.84 951.704 7
2753.58 1134.59 7
2451.6 1463.15 7
2734.73 1221.11 7
2060.47 959.333 7
2193.79 882.672 7
3387.73 1109.56 7
2783.5 1096.64 7
2193.34 734.077 7
2886.98 1541.08 7
2833.33 1266.42 7
2586.25 1292.68 7
2704.13 1396.68 7
2090.43 1454.55 7
2364.9 1721.3 7
3080.05 1291.37 7
2316.69 923.887 7
3031.61 1534.69 7
3137.84 856.93 7
3168.65 1078.79 7
3077.4 1557.2 7
3041.92 745.493 7
2898.61 618.503 7
3280.67 697.578 7
2896.22 1487.88 7
2356.98 1042.59 7
3028.57 1045.66 7
2935.06 859.849 7
2928.06 1179.03 7
2959.43 755.648 7
3020.9 827.383 7
3058.16 1195.2 7
51.3642 -2593.66 8
-591.038 -2777.96 8
-195.342 -2739.03 8
286.964 -2633.54 8
-467.686 -2296.11 8
-136.829 -2645.99 8
-528.087 -2876.03 8
-72.677 -2109.6 8
-181.146 -2550.73 8
-102.544 -2804.36 8
-265.597 -2617.21 8
-156.516 -2513.64 8
51.4901 -2079.06 8
-109.041 -2429.19 8
-572.598 -2638.75 8
-168.212 -2052.39 8
-462.842 -2102.82 8
188.311 -2944.68 8
190.083 -2800.51 8
-100.88 -2551.14 8
-200.089 -2732.28 8
208.072 -2398.22 8
-686.783 -2412.56 8
-139.964 -2993.83 8
-112.964 -2793.28 8
-438.125 -3055.03 8
-181.889 -2738.94 8
-332.02 -2647.91 8
-275.571 -2468.71 8
364.852 -2224.31 8
-210.129 -2501.43 8
-86.3925 -2532.28 8
-223.02 -2819.3 8
303.478 -2643.81 8
-229.561 -3055.12 8
-444.151 -2772.02 8
319.028 -2577.06 8
-44.9622 -2540.44 8
-628.579 -2510.11 8
123.923 -2239.73 8
-413.818 -2957.25 8
-394.362 -2276.17 8
14.829 -2399.98 8
448.565 -2413.54 8
156.689 -2576.37 8
-321.38 -1996.57 8
-243.099 -2924.05 8
-168.778 -2544.31 8
-501.527 -2622.97 8
-74.6458 -2323.85 8
-162.667 -2546.98 8
-255.249 -2162.08 8
41.4629 -2808.79 8
222.406 -2288.46 8
32.6923 -2642.86 8
100.576 -2632.41 8
-230.091 -2561.36 8
-407.609 -2292.04 8
-321.022 -3124.93 8
216.746 -2253.14 8
-194.069 -3031.04 8
429.944 -2356.86 8
-147.076 -2572.07 8
-603.335 -2738.54 8
150.776 -2574.97 8
-134.601 -2292.03 8
-279.062 -2830.11 8
-400.355 -2249.82 8
-537.448 -2274.87 8
-129.125 -2538.55 8
31.3237 -2479.51 8
-252.301 -2575.78 8
-291.206 -2043.91 8
-732.894 -2620.64 8
-142.577 -2537.78 8
383.586 -2486.65 8
-66.5652 -2492.37 8
139.327 -2805.84 8
-211.048 -2678.07 8
290.326 -2399.18 8
-70.6534 -2951.32 8
3.01009 -2458.26 8
-153.712 -2854.04 8
102.428 -2636.38 8
-264.445 -2479.51 8
-454.326 -2621.71 8
-342.442 -2224.3 8
64.2277 -2275.61 8
-628.92 -2534.48 8
192.904 -2628.22 8
-166.441 -2421.24 8
46.8733 -2945.66 8
153.853 -2048.37 8
-212.852 -2687.93 8
-85.6703 -2468.99 8
-309.276 -2701.99 8
-81.2799 -2293.63 8
-68.0882 -2513.48 8
-194.471 -2383.76 8
-128.494 -2545.77 8
756.21 2832.91 9
601.692 2589.26 9
743.839 2922.83 9
806.407 2731.78 9
784.001 3032.14 9
830.445 3218.72 9
589.853 2772.95 9
729.133 2822.37 9
692.16 2791.05 9
728.442 2771.34 9
698.231 2491.38 9
724.02 2462.16 9
781.978 3013.27 9
1110.48 2516.98 9
828.108 2851.97 9
476.766 3071.02 9
862.89 2357.59 9
703.737 2822.39 9
712.16 2826.06 9
661.379 2783.13 9
866.291 3195.72 9
842.792 2950.86 9
665.941 2907.19 9
342.919 2676.68 9
642.399 2841.46 9
745.322 2814.28 9
1128.88 2764.7 9
755.84 2360.81 9
587.162 3241.38 9
520.383 2690.41 9
938.533 2620.95 9
739.964 2596.83 9
664.682 2749.7 9
763.768 2824.33 9
676.936 2788.95 9
1189.44 2757.9 9
722.475 2600.76 9
815.764 2802.8 9
1023.55 3120.23 9
859.301 2588.42 9
740.406 2668.99 9
893.15 2452.87 9
666.233 2586.27 9
874.534 2606.63 9
388.124 2676.42 9
551.332 2810.08 9
415.12 2682.51 9
425.005 2580.35 9
787.769 2509.42 9
353.445 3027.46 9
608.089 2972.01 9
832.203 2362.71 9
697.619 2680.24 9
753.488 2868.37 9
648.214 3269.4 9
648.39 2628.38 9
875.556 2434.29 9
965.619 3177.9 9
580.093 2451.67 9
824.558 2812.22 9
684.839 2700.11 9
427.549 3099.38 9
834.19 2877.79 9
722.527 2893.14 9
982.085 2861.18 9
848.193 2881.79 9
759.791 2792.89 9
697.164 2870.28 9
319.644 2618.97 9
774.953 2776.06 9
598.644 3045.62 9
597.387 3005.62 9
527.129 2430.14 9
1021.28 2926.93 9
1040.01 2525.1 9
1024.83 3171.83 9
824.714 2757.04 9
736.917 2864.68 9
632.129 2664.67 9
1183.46 3019.09 9
671.663 2496.86 9
708.344 2800.67 9
977.113 2412.53 9
1133.7 2896.43 9
458.012 2893.03 9
974.964 2800.48 9
1030.15 2676.97 9
1192.71 2864.09 9
846.214 2762.26 9
748.856 2807.92 9
647.245 3081.75 9
852.305 2774.41 9
972.176 3193.27 9
481.456 2447.25 9
677.963 3148.99 9
761.698 2803.51 9
643.747 2567.37 9
727.954 3022.62 9
606.309 2793.27 9
879.785 2736.97 9
-257.187 1070.9 10
-766.084 1260.21 10
-689.786 946.871 10
-699.572 989.388 10
-579.176 591.82 10
-1030.49 667.133 10
-574.776 1074 10
-432.573 942.21 10
-509.291 903.54 10
-689.665 1005.98 10
-873.076 1321.45 10
-655.589 856.654 10
-717.35 1000.58 10
-708.686 1020.22 10
-562.155 1006.66 10
-509.578 979.207 10
-1127.79 843.767 10
-816.777 819.27 10
-932.477 560.661 10
-456.813 958.019 10
-460.739 1077.37 10
-689.586 1012.69 10
-702.769 996.564 10
-1015.98 749.974 10
-694.593 1039.08 10
-283.922 992.158 10
-353.494 1344.71 10
-745.078 1046.26 10
-463.98 1183.44 10
-482.671 977.737 10
-1100.96 719.47 10
-661.875 1006.89 10
-529.335 862.658 10
-957.844 1360.78 10
-885.928 944.011 10
-713.271 837.579 10
-532.957 1103.16 10
-539.843 1303.79 10
-972.394 601.872 10
-613.923 1046.86 10
-593.229 551.887 10
-977.083 924.265 10
-691.269 998.027 10
-690.762 1091.29 10
-748.676 1079.49 10
-329.745 768.113 10
-961.321 794.623 10
-592.581 668.988 10
-1011.5 980.965 10
-384.998 972.725 10
-830.551 1121.56 10
-978.036 1233.61 10
-591.36 912.586 10
-655.647 947.063 10
-567.647 1127.48 10
-759.871 985.67 10
-637.147 806.566 10
-825.491 920.273 10
-536.952 863.866 10
-615.461 850.114 10
-845.604 1081.61 10
-505.323 1113.7 10
-963.976 1021.5 10
-797.288 605.972 10
-848.036 1052.2 10
-1170.84 904.375 10
-699.84 1017.02 10
-731.04 1146.1 10
-505.961 1028.62 10
-572.327 934.114 10
-846.393 1171.95 10
-629.899 836.054 10
-506.107 1196.02 10
-709.467 1373.8 10
-300.957 1103.86 10
-981.819 1205.3 10
-684.802 1036.63 10
-679.465 974.135 10
-621.209 566.755 10
-599.366 1110.24 10
-914.599 1321.08 10
-703.439 1065.2 10
-945.549 1110.01 10
-1005.7 726.648 10
-838.14 750.109 10
-1030.82 1295.68 10
-446.462 889.717 10
-713.839 576.626 10
-618.28 1468.88 10
-422.214 1048.78 10
-898.754 1398.32 10
-314.461 1126.4 10
-520.076 1448.92 10
-574.771 906.771 10
-343.12 1309.12 10
-730.701 1147.71 10
-1104.89 1123.68 10
-668.93 955.848 10
-663.2 1020.64 10
-844.032 1107.1 10
-1710.35 -2234.67 11
-1947.7 -2377.5 11
-2199.69 -2320.05 11
-1083.17 -2467.88 11
-1260.6 -1877.44 11
-1625.14 -2220.67 11
-1846.74 -2286.57 11
-1626.97 -2426.56 11
-1704.42 -2144.81 11
-1596.26 -1783.22 11
-1610 -2122.37 11
-1544.41 -2026.2 11
-2113.58 -2530.38 11
-1627.58 -1823.83 11
-1799.46 -2713.89 11
-1844.4 -2208.34 11
-1059.91 -1867.84 11
-1546.79 -1835.13 11
-1104 -2458.58 11
-1583.41 -2276.94 11
-1895.58 -2068.66 11
-1836.98 -2179.61 11
-1892.29 -2731.36 11
-1649.93 -1972.46 11
-1755.23 -2219.98 11
-1618.02 -2035.43 11
-1207.09 -2395.94 11
-1765.97 -2771.81 11
-1461.59 -1692.84 11
-1596.52 -2251.72 11
-1639 -2222.88 11
-1741.14 -2407.96 11
-1465.08 -1910.12 11
-1948.64 -1639.91 11
-1060.23 -2273.22 11
-1656.09 -2421.77 11
-1785.49 -2067.57 11
-1510.05 -2401.21 11
-1702.86 -2378.14 11
-1626.59 -2139.98 11
-1575.16 -2407.28 11
-1678.69 -2259.81 11
-1573.76 -2142.01 11
-1717.85 -2261.51 11
-1776.39 -1571.23 11
-1451.72 -1575.14 11
-2241.58 -2405.35 11
-1865.17 -2086.9 11
-1883.43 -1905.95 11
-1811.71 -1766.69 11
-1711.5 -2326.22 11
-1503.78 -2631.57 11
-1335.48 -2779.92 11
-2072.01 -2481.71 11
-1696.58 -2395.7 11
-1598.48 -2095.62 11
-1483.11 -2179.44 11
-1659.28 -2184.56 11
-1316.72 -2587.44 11
-1822.87 -2055.28 11
-1874.57 -2149.21 11
-1817.79 -2128.23 11
-994.658 -2038.92 11
-1510.32 -1772.88 11
-1436.7 -2653.98 11
-1408.53 -2368.02 11
-1320.94 -2185.05 11
-1249.12 -2177.66 11
-1292.82 -1873.08 11
-1503.16 -2224.88 11
-1184.95 -2483.57 11
-1875.3 -2099.51 11
-1647.29 -2241.01 11
-1332.07 -1945.93 11
-1598.04 -2138.93 11
-1651.23 -2205.01 11
-1289.39 -2292.12 11
-1113.5 -2584.34 11
-1470.87 -2359.82 11
-1603.55 -1771.71 11
-1547.96 -1569.87 11
-1385.82 -1941.14 11
-1358.71 -1612.66 11
-1501.5 -1764.89 11
-1663.12 -2071.93 11
-2093.33 -2122.23 11
-1885.49 -2454.95 11
-1620.79 -2195.54 11
-1610.78 -2651.35 11
-1631.09 -2181.84 11
-1815.9 -1852.45 11
-1625.62 -2173.59 11
-1873.03 -2261.22 11
-1639.99 -1800.41 11
-1413.95 -2385.68 11
-1680.25 -2256.93 11
-1154.49 -2336.54 11
-1790.58 -2142.73 11
-1791.45 -2111.04 11
-1617.39 -2194.06 11
