388.926 -497.063 0
-101.076 381.991 0
-422.885 -247.045 0
45.5753 150.549 0
83.9709 288.516 0
-672.615 476.192 0
-377.028 -225.72 0
540.205 -247.848 0
31.7191 191.504 0
367.781 664.565 0
-363.586 -616.867 0
-18.9633 22.9798 0
559.776 178.14 0
-5.25994 338.624 0
-29.0711 -26.2914 0
-462.113 166.528 0
-609.88 -134.779 0
-878.938 -101.273 0
405.297 -456.129 0
-284.545 -116.16 0
699.417 205.417 0
263.285 559.702 0
-46.8627 -132.125 0
-281.559 -147.547 0
18.2512 18.2363 0
81.9328 -214.908 0
-147.363 183.394 0
136.304 -434.142 0
817.106 199.153 0
141.173 663.062 0
489.354 152.943 0
190.925 -586.782 0
293.293 730.936 0
96.4507 634.268 0
69.0338 -718.542 0
193.812 182.261 0
-241.716 141.799 0
-36.1383 114.604 0
640.619 161.092 0
236.815 -396.034 0
238.547 348.399 0
854.24 285.805 0
-653.087 -158.447 0
902.874 70.9118 0
-541.898 45.3848 0
-114.202 -141.263 0
-827.389 -253.118 0
348.296 61.9344 0
30.8504 11.0438 0
542.172 104.043 0
-424.157 811.39 0
52.6524 -383.525 0
457.169 -588.688 0
101.251 90.4984 0
-237.769 376.902 0
-94.5798 -477.623 0
597.308 -396.025 0
0.0126779 -18.8902 0
-576.81 708.614 0
133.762 -126.104 0
141.279 -495.5 0
-140.262 -132.792 0
-622.182 215.22 0
-613.228 -602.59 0
773.381 456.287 0
716.377 70.8019 0
279.512 -675.694 0
-509.836 487.248 0
-83.4682 -80.9264 0
-666.727 174.88 0
-168.302 -42.133 0
128.63 447.067 0
-52.2824 -146.159 0
91.1321 536.794 0
79.8146 209.896 0
10.6886 484.627 0
493.197 264.937 0
-76.4087 -336.18 0
-229.423 723.206 0
180.86 59.4329 0
253.9 -78.5266 0
-41.3119 -463.593 0
-24.6104 -82.0606 0
1.07635 -7.88513 0
-3.35352 -9.358 0
-66.5405 -65.3863 0
269.541 -857.937 0
6.22426 148.131 0
-645.321 -218.455 0
-0.775129 14.423 0
-70.4695 -73.8001 0
810.039 -393.496 0
176.906 353.292 0
395.89 -120.034 0
387.338 -395.956 0
-40.2036 -720.985 0
477.185 149.442 0
41.9879 177.402 0
-61.6715 -191.032 0
0.684714 -476.107 0
1329.33 -2039.82 1
1097.21 -1749.97 1
1109.71 -1974.8 1
1319.86 -2488.47 1
1360.21 -1709.38 1
1674.55 -1675.95 1
976.176 -1929.27 1
1289.11 -2100.28 1
1097.92 -2258.02 1
1423.93 -2149.38 1
1568.25 -1594.96 1
1728.56 -1695.94 1
1220.12 -1967.3 1
1555.99 -2074.16 1
1230.29 -2476.61 1
1460.98 -1898.45 1
1289.55 -1420.82 1
1649.2 -2101.08 1
1340.71 -1784.92 1
995.642 -2244.98 1
1382.01 -1822.7 1
963.429 -2003.17 1
1331.89 -2071.1 1
1135.56 -1684.35 1
1327.12 -2384.17 1
1281.17 -1903.29 1
1110.48 -1735.58 1
1132.36 -1962.22 1
1600.19 -1812.44 1
1705.4 -2382.77 1
1426.15 -2050.52 1
765.604 -2000.61 1
1310.56 -1942.53 1
1830.4 -1872.16 1
1383.19 -2095.46 1
1220.71 -2182.18 1
933.511 -2400.16 1
1225.3 -2107.09 1
1308.62 -2325.83 1
1256.51 -1996.91 1
1270.86 -1977.36 1
1352.65 -2010.77 1
1547.2 -2111.72 1
1321.78 -1568.11 1
868.561 -1661.92 1
959.179 -1833.22 1
971.872 -2244.81 1
1246.72 -2491.14 1
1296.05 -2409.75 1
1378.54 -2111.4 1
1151.5 -1546.42 1
1343.11 -2110.94 1
1146.38 -1927.8 1
1490.45 -1585.72 1
1392.92 -2050.39 1
1553.11 -1960.76 1
1278.58 -2005.82 1
1125.1 -1752.72 1
1075.24 -1909.16 1
1282.89 -2084.54 1
1229.18 -2277.59 1
979.417 -2069.71 1
1111.4 -1818.11 1
1294.73 -1962.95 1
1422.03 -1830.72 1
1637.1 -2135.88 1
1449.8 -2030.05 1
1272.43 -2119.42 1
1201.28 -1492.07 1
1318.84 -1895.77 1
1482.52 -2228.93 1
963.994 -1722.95 1
800.227 -1849.44 1
1326.28 -1968.07 1
1634.68 -2390.2 1
1617.32 -1777.39 1
1542.46 -2023.07 1
775.307 -2129.23 1
1654.06 -1806.55 1
1326.68 -1947.54 1
1582.17 -2435.71 1
1259.4 -1969.21 1
1344.31 -1924.86 1
1347.43 -1898.19 1
1211.8 -1961.2 1
898.318 -1867.42 1
946.92 -2094.84 1
1271.51 -1899.35 1
1295.22 -1541.84 1
1393.51 -1841.16 1
1452.73 -1660 1
1231.29 -2242.99 1
1551.98 -2135.81 1
1306.35 -1891.73 1
1291.63 -2022.13 1
1327.64 -2087.04 1
1394.83 -2349.28 1
1330.33 -1975.74 1
1316.02 -2190.52 1
1445.86 -1964.52 1
